    (gradient
      (top_color 0 0.3137255 1)
      (bottom_color 1 1 1))
    (tilemap
      (z-pos -130)
      (width 20)
      (height 20)
      (speed 0.5)
      (speed-y0.5)
      (solid #f)
      (tiles   0   0   0   0   0   0   0   0   0   0   0   0   0   0   0   0   0   0   0   0
               0   0   0   0   0   0   0   0   0   0   0   0   0   0   0   0   0   0   0   0
               0   0   0   0   0   0   0   0   0   0   0   0   0   0   0   0   0   0   0   0
               0   0   0   0   0   0   0   0   0   0   0   0   0   0   0   0   0   0   0   0
               0   0   0   0   0   0   0   0   0   0   0   0   0   0   0   0   0   0   0   0
               0   0   0   0   0   0   0   0   0   0   0   0   0   0   0   0   0   0   0   0
               0   0   0   0 149 150 150 151   0   0   0   0   0   0   0   0   0   0   0   0
             149 150 150 150 159 153 153 154   0   0   0   0   0   0   0   0   0   0   0   0
             152 245 153 153 153 153 153 154   0   0   0   0   0   0   0   0   0   0   0   0
             152 153 153 153 153 153 153 154 149 151   0   0   0   0   0   0   0   0   0   0
             159 153 153 153 153 153 153 158 159 158 151   0   0   0   0   0   0   0   0   0
             153 153 153 244 153 153 153 153 153 153 154   0   0   0   0   0   0   0   0   0
             153 153 153 153 153 153 153 153 153 153 154   0   0   0   0   0   0   0   0   0
             153 153 153 153 153 153 153 153 153 153 154   0   0   0   0   0   0   0   0   0
             153 153 153 153 153 153 153 153 153 153 154   0   0   0   0   0   0   0   0   0
             153 153 153 153 153 153 153 153 153 153 158 150 150 150 151   0   0   0   0   0
             153 153 153 245 153 153 244 153 153 153 153 153 153 153 154 149 150 150 150 151
             153 153 153 153 153 153 153 153 153 153 153 153 153 153 154 152 153 153 153 154
             153 153 153 153 153 153 153 153 153 153 153 153 245 153 154 152 153 153 153 158
             153 153 153 153 153 153 153 153 153 153 153 153 153 245 158 159 153 153 153 153
            ))

    (tilemap
      (z-pos -170)
      (width 20)
      (height 20)
      (speed 0.2)
      (speed-y0.2)
      (solid #f)
      (tiles   0   0   0   0   0   0   0   0   0   0   0   0   0   0   0   0   0   0   0   0
               0   0   0   0   0   0   0   0   0   0   0   0   0   0   0   0   0   0   0   0
               0   0   0   0   0   0   0   0   0   0   0   0   0   0   0   0   0   0   0   0
               0   0   0   0   0   0   0   0   0   0   0   0 161 162 162 162 162 163   0   0
               0   0   0   0   0   0   0   0   0   0   0   0 164 165 165 165 165 166   0   0
               0   0   0   0   0   0   0   0   0   0   0   0 164 165 165 165 165 166 161 163
               0   0   0   0   0   0   0   0   0   0   0   0 164 165 165 165 165 166 164 170
               0   0   0   0   0   0   0   0   0   0   0   0 164 165 165 165 257 170 171 165
               0 161 163   0   0   0   0   0   0   0   0   0 164 165 165 165 165 165 165 165
               0 164 170 162 162 163   0   0   0   0   0   0 164 165 165 165 165 257 165 165
             162 171 165 165 165 170 163 161 163   0   0   0 164 165 165 165 165 165 165 165
             165 165 165 257 165 165 166 164 170 162 162 163 164 165 165 165 165 165 165 165
             165 165 165 165 165 165 170 171 165 165 165 170 171 165 165 165 165 165 165 165
             165 165 165 165 165 165 165 165 165 165 165 165 165 165 165 165 165 165 165 165
             165 165 257 165 165 165 165 257 165 165 165 165 165 165 165 165 165 165 165 165
             165 165 165 257 165 165 165 165 165 165 165 165 165 165 165 165 165 165 257 165
             165 165 165 165 165 165 165 165 165 165 165 165 165 165 165 165 165 165 165 165
             165 165 165 165 257 165 165 165 165 165 165 165 165 165 165 165 165 165 257 165
             165 165 165 165 165 165 165 165 165 165 165 165 165 165 165 165 165 165 165 165
             165 165 165 257 165 165 165 165 165 165 165 165 165 165 165 165 165 165 165 165
            ))
