    (gradient
      (top_color 0 0.3137255 1)
      (bottom_color 1 1 1))
    (tilemap
      (z-pos -130)
      (width 100)
      (height 100)
      (speed 0.5)
      (speed-y0.5)
      (solid #f)
      (tiles 153 153 154 0 0 0 0 0 0 0 0 0 152 153 153 153 153 153 153 153 153 153 153 153 153 153 153 153 153 153 153 153 153 153 153 153 153 153 154 0 0 0 0 0 0 0 0 0 0 0 0 0 0 0 0 0 0 0 0 0 0 152 153 153 153 154 0 0 0 0 0 0 0 0 0 0 0 0 0 0 0 0 0 0 0 0 0 0 0 0 0 0 0 0 0 0 0 0 0 0
             153 153 158 151 0 0 0 0 0 0 0 0 152 153 153 153 153 153 153 153 153 243 156 242 153 153 153 153 153 153 153 153 153 153 153 153 153 153 154 0 0 0 0 0 0 0 0 0 0 0 0 0 0 0 0 0 0 0 0 0 0 155 156 156 156 157 0 0 0 0 0 0 0 0 0 0 0 0 0 0 0 0 0 0 0 0 0 0 0 0 0 0 0 0 0 0 0 0 0 0
             156 242 153 158 150 151 0 0 0 0 0 0 152 153 153 153 153 153 153 153 153 154 0 152 153 153 153 153 153 153 153 153 153 153 153 153 153 153 154 0 0 149 150 151 0 0 0 0 0 0 0 0 0 0 0 0 0 149 151 0 0 0 0 0 0 0 0 0 0 0 0 0 0 0 0 0 0 0 0 0 0 0 0 0 0 0 0 0 0 0 0 0 0 0 0 0 0 0 0 0
             0 152 153 243 156 157 0 0 0 0 0 0 152 153 153 153 153 153 153 243 156 157 0 152 153 153 245 153 153 153 153 153 153 153 153 153 153 153 154 0 149 159 153 158 151 0 149 150 150 151 0 0 0 0 0 0 0 152 154 0 0 0 0 0 0 0 0 0 0 0 0 0 0 0 0 0 0 0 0 0 0 0 0 0 0 0 0 0 0 0 0 0 0 0 0 0 0 0 0 0
             0 152 153 154 0 0 149 151 0 149 151 0 152 245 153 153 153 153 153 154 0 0 0 152 153 153 153 153 153 245 153 153 153 153 153 243 156 156 157 149 159 153 245 153 158 150 159 153 153 158 150 151 0 0 0 0 0 152 158 150 151 0 0 0 0 0 0 0 0 0 0 0 0 0 0 0 0 0 0 0 0 0 0 0 0 0 0 0 0 0 0 0 0 0 0 0 0 0 0 0
             150 159 153 154 0 0 155 157 0 152 158 150 159 153 153 153 153 153 153 158 150 151 0 152 153 153 153 153 153 153 153 153 153 153 153 154 0 0 0 155 242 153 153 153 153 153 153 153 153 153 153 154 0 0 0 0 0 152 153 153 158 150 150 150 150 151 0 149 150 151 0 0 0 0 0 0 0 0 0 0 0 0 0 0 0 0 0 0 0 0 0 0 0 0 0 0 0 0 0 0
             153 153 153 154 0 0 0 0 0 152 245 153 153 153 153 153 153 153 153 153 153 158 150 159 153 153 153 153 153 153 153 153 153 153 153 158 150 151 0 0 155 156 242 153 153 153 153 245 153 153 153 158 151 0 0 0 0 152 153 243 156 242 153 153 153 154 0 152 153 158 151 0 0 0 0 0 0 0 0 0 0 0 149 151 0 0 0 0 0 0 0 0 0 0 0 0 0 0 0 0
             153 153 153 158 150 150 151 0 149 159 153 153 153 153 153 153 153 153 153 153 153 153 153 153 153 153 243 156 242 243 156 242 153 153 153 153 153 154 0 0 0 0 155 242 153 153 153 153 153 153 153 153 158 151 0 0 149 159 243 157 0 155 156 242 153 158 150 159 153 153 158 150 151 0 0 0 0 0 0 0 0 0 152 158 151 0 0 0 0 0 0 0 0 0 0 0 0 0 0 0
             156 156 156 156 156 156 157 0 152 243 156 156 242 153 153 153 153 153 153 153 153 153 245 153 153 153 154 0 155 157 0 152 243 156 242 153 153 158 150 151 0 0 0 152 153 153 153 153 153 153 153 153 153 158 150 151 155 156 157 0 0 0 0 152 153 153 153 153 153 153 153 153 158 151 0 0 0 0 0 0 0 0 155 242 154 0 0 0 0 0 0 0 0 0 0 0 0 0 0 0
             0 0 0 0 0 0 0 0 155 157 0 0 152 153 153 153 153 153 153 153 153 153 153 153 153 153 154 0 0 0 0 155 157 0 155 242 153 245 153 158 150 150 150 159 153 153 153 153 153 153 153 153 153 153 243 157 0 0 0 0 149 151 0 152 153 153 153 153 153 153 153 153 153 158 151 0 0 0 0 0 0 0 0 155 157 0 0 0 0 0 0 0 0 0 0 0 0 0 0 0
             0 0 0 0 0 0 0 0 0 0 149 150 159 153 153 153 153 153 153 153 153 153 153 153 153 153 158 151 0 0 0 0 0 0 0 152 153 153 153 153 153 153 153 153 153 245 153 153 153 153 153 153 153 245 154 0 0 0 149 150 159 154 0 152 153 153 153 153 153 153 153 153 243 156 157 0 0 0 0 0 0 0 0 0 0 0 0 0 0 0 0 0 0 0 0 0 0 0 0 0
             0 0 0 0 0 0 0 0 0 0 155 242 153 153 153 153 153 153 153 153 153 153 153 153 153 243 156 157 0 0 0 0 0 149 151 155 242 153 153 153 153 153 153 153 153 153 243 156 156 242 153 153 153 153 158 150 151 0 152 153 153 154 0 152 153 153 153 153 153 153 153 153 154 0 0 0 0 0 0 0 0 0 0 0 0 0 0 0 0 0 0 0 0 0 0 0 0 0 0 0
             150 150 151 0 0 0 0 0 0 0 0 152 153 153 153 153 153 153 153 153 153 153 153 153 153 154 0 0 0 0 0 0 0 155 157 0 155 242 153 153 153 153 153 153 153 243 157 0 0 152 153 153 153 153 153 153 154 0 155 156 242 158 150 159 153 153 153 153 153 153 153 153 158 150 151 0 0 0 0 0 0 0 0 0 0 0 0 0 0 0 0 0 0 0 0 0 0 0 0 0
             153 153 158 150 150 151 0 0 0 0 0 152 153 153 153 153 153 153 153 153 153 153 153 153 153 158 151 0 0 0 0 149 151 0 0 0 0 155 242 153 153 153 153 153 153 154 0 0 149 159 153 153 153 153 153 153 154 0 0 0 155 156 156 242 153 153 153 153 153 153 153 153 153 153 154 0 0 0 0 0 0 0 0 0 0 0 0 0 149 151 0 0 0 0 0 0 0 0 0 0
             153 153 153 153 153 154 0 0 0 0 149 159 153 153 153 153 245 153 243 156 242 153 153 153 153 153 158 150 150 150 150 159 158 151 0 149 151 0 152 245 153 153 153 153 243 157 0 0 152 245 153 243 156 242 153 153 158 150 150 151 0 0 0 152 153 243 156 242 153 153 153 153 243 156 157 0 0 0 0 0 0 0 0 0 0 0 0 0 152 158 151 0 0 0 0 0 0 0 0 0
             153 153 153 153 153 158 151 0 0 0 152 153 153 153 153 153 153 243 157 0 152 153 153 153 153 153 243 156 156 242 153 153 153 158 150 159 158 151 155 156 242 153 153 243 157 0 0 149 159 153 153 154 0 152 153 153 153 153 243 157 0 0 0 155 156 157 0 155 242 153 153 243 157 0 0 0 0 0 0 0 0 0 0 0 0 0 0 149 159 243 157 0 0 0 0 0 0 0 0 0
             153 153 153 153 153 153 158 150 150 150 159 153 153 153 153 153 153 154 0 0 152 153 153 153 153 153 154 0 0 155 242 153 243 156 242 243 156 157 0 0 152 153 153 154 0 0 0 155 156 242 153 158 150 159 153 153 153 243 157 0 0 0 0 0 0 0 0 0 152 153 243 157 0 0 0 0 0 0 0 0 0 0 0 0 0 0 0 155 242 154 0 0 0 0 0 0 0 0 0 0
             153 153 153 153 153 153 153 153 153 153 153 153 153 153 153 153 153 158 150 150 159 153 153 153 153 153 158 150 151 0 155 156 157 0 155 157 0 0 149 150 159 153 153 158 151 0 0 0 0 155 156 242 153 153 153 153 243 157 0 0 0 0 0 0 0 0 0 0 152 153 154 0 0 0 0 0 0 0 0 0 0 0 0 0 0 0 0 0 155 157 149 151 0 0 0 0 0 0 0 0
             153 153 153 153 153 153 153 153 153 153 153 153 245 153 153 153 153 153 153 153 153 153 153 153 153 153 153 153 158 151 0 0 0 0 0 0 0 0 155 156 242 243 156 156 157 0 0 149 150 151 0 155 242 153 243 156 157 0 0 149 151 0 0 0 0 0 0 0 152 153 154 0 0 0 0 0 0 0 0 0 0 0 0 0 0 0 0 0 0 0 152 158 151 0 0 0 0 0 0 0
             153 153 153 153 153 153 153 153 153 153 153 153 153 153 153 153 153 153 153 153 153 153 153 153 153 153 153 153 243 157 0 0 0 0 0 0 0 0 0 0 155 157 0 0 0 0 149 159 243 157 0 0 155 156 157 0 0 0 0 155 157 149 151 0 0 0 0 0 155 242 158 151 0 0 0 0 0 0 0 0 0 149 150 151 0 0 0 0 149 150 159 153 158 150 150 150 151 0 0 0
             153 153 153 153 153 153 153 243 156 156 242 153 153 153 153 153 153 153 153 153 153 153 153 243 156 242 153 153 154 0 0 0 0 0 0 0 0 0 149 150 151 0 0 0 0 0 155 156 157 0 149 151 0 0 0 0 0 0 0 0 0 155 157 0 0 149 151 0 0 155 156 157 0 0 0 0 0 0 0 0 0 155 242 154 0 0 0 149 159 153 153 153 153 153 153 153 158 151 0 0
             153 153 153 153 153 153 153 154 0 0 152 153 245 153 153 153 153 153 153 153 153 153 153 154 0 152 153 153 158 151 0 0 0 0 0 0 0 0 155 156 157 0 149 151 0 0 0 0 0 149 159 154 0 0 0 0 0 149 150 150 151 0 0 0 0 155 157 0 0 0 0 0 0 0 0 0 0 0 0 0 0 0 155 157 0 0 0 152 153 153 153 153 153 153 153 153 153 154 0 0
             153 153 153 153 153 153 153 158 150 150 159 153 153 153 153 153 153 153 153 153 153 153 153 158 150 159 153 243 156 157 0 149 150 151 0 0 0 0 0 0 0 0 155 157 0 0 0 0 149 159 245 158 150 151 0 0 0 152 243 156 157 0 0 0 0 0 0 0 0 0 0 0 0 0 149 150 151 0 0 0 0 149 151 0 0 0 0 155 242 153 153 153 153 153 153 153 153 154 0 149
             153 153 153 153 153 153 153 153 153 153 153 153 153 153 153 153 153 153 153 153 153 153 153 153 153 153 153 154 0 0 149 159 153 154 0 0 0 0 0 0 0 0 0 0 0 0 149 150 159 153 153 153 153 158 150 151 0 155 157 0 0 0 0 0 0 0 0 0 0 0 0 0 0 0 155 156 157 0 0 0 0 155 157 0 0 0 0 0 155 242 153 153 153 153 153 153 153 158 150 159
             153 153 153 153 153 153 153 153 153 153 153 153 153 153 153 153 153 153 153 153 153 153 153 153 153 153 153 158 150 150 159 243 156 157 0 0 0 0 0 0 0 0 0 0 0 0 152 153 243 156 156 242 153 153 153 158 151 0 0 0 0 0 0 0 0 0 0 0 0 0 0 0 0 0 0 0 149 150 150 150 150 151 0 0 0 0 0 0 0 155 242 153 153 153 153 153 153 153 153 153
             153 153 153 153 153 153 153 153 153 153 153 153 153 153 244 153 245 153 153 153 153 153 243 156 242 153 243 156 242 153 153 154 0 0 0 0 0 0 0 0 0 0 0 0 0 0 152 153 154 0 0 152 153 153 153 153 158 151 0 0 0 0 0 0 0 0 0 0 0 0 0 0 0 149 151 0 152 243 156 242 153 158 150 150 151 0 0 0 0 0 155 156 242 153 153 153 153 153 153 153
             153 153 243 156 242 153 153 153 153 153 153 153 153 153 153 153 153 153 153 243 156 242 154 0 152 153 154 0 152 153 153 158 151 0 0 0 0 0 0 0 149 151 0 0 0 0 152 153 154 0 0 152 153 153 153 153 153 154 0 0 0 0 149 151 0 0 0 0 0 0 0 0 0 152 154 0 155 157 0 152 153 153 153 243 157 0 0 0 0 0 0 0 152 153 153 153 153 153 153 153
             153 153 154 0 152 153 153 153 153 153 153 153 153 153 153 243 156 156 242 154 0 155 157 0 155 242 154 0 152 243 156 156 157 0 0 0 0 0 149 150 159 158 150 151 0 0 155 156 157 0 0 152 153 153 153 153 153 158 150 150 150 150 159 154 0 0 0 0 0 0 0 0 0 155 157 0 0 149 150 159 153 153 153 154 0 0 0 0 0 0 0 0 152 243 156 156 242 153 153 153
             153 153 158 150 159 153 153 153 153 153 153 153 153 153 153 154 0 0 155 157 0 0 0 0 0 152 158 150 159 154 0 0 0 0 0 0 0 0 152 153 153 153 153 158 151 0 0 0 0 0 0 152 153 153 153 153 153 243 156 156 242 153 153 154 0 0 0 0 0 0 0 0 0 0 0 0 0 152 153 153 153 153 243 157 0 0 0 0 0 0 0 0 155 157 0 0 155 156 156 242
             153 153 153 153 153 153 153 153 153 153 153 153 153 153 153 154 0 0 0 0 0 0 0 0 0 155 156 242 243 157 0 0 0 0 0 0 0 0 152 153 153 153 153 153 158 151 0 0 0 0 0 155 242 153 153 153 153 154 0 0 155 156 156 157 0 0 149 150 150 151 0 0 0 0 0 0 149 159 153 153 243 156 157 0 0 0 0 0 0 0 0 0 0 0 0 0 0 0 0 152
             153 153 153 153 153 153 153 153 153 153 153 153 153 153 153 158 150 150 150 151 0 0 0 0 0 0 0 155 157 0 0 0 0 0 0 0 0 0 152 153 153 153 153 243 156 157 0 0 0 0 0 0 152 153 153 153 153 158 150 150 151 0 0 0 0 0 155 242 153 158 151 0 0 0 0 0 152 153 153 153 154 0 0 0 0 0 0 0 0 0 0 0 0 0 0 0 0 0 0 152
             153 153 153 153 153 153 153 153 153 153 153 153 153 153 153 153 153 153 243 157 0 0 0 0 0 0 0 0 0 0 0 0 149 151 0 0 0 149 159 153 153 153 153 154 0 0 0 0 0 0 149 150 159 243 156 242 153 153 153 153 158 151 0 0 0 0 0 155 242 153 158 150 151 0 0 0 152 153 153 153 158 150 151 0 0 0 0 0 0 0 0 0 149 151 0 0 0 0 0 155
             153 153 153 153 153 153 153 153 153 153 153 153 153 153 153 153 153 153 154 0 0 0 0 0 0 0 0 0 0 0 0 0 155 157 0 0 0 155 156 156 242 153 243 157 149 151 0 0 0 0 152 153 243 157 0 155 242 153 153 153 153 154 0 0 0 0 0 0 152 153 153 153 158 150 150 150 159 153 153 153 153 153 154 0 0 0 0 0 0 0 0 0 152 154 0 0 0 0 0 0
             153 153 153 153 153 153 153 153 153 153 153 153 153 153 245 153 153 153 154 0 0 0 0 0 0 0 0 0 0 0 0 0 0 0 0 0 0 0 0 0 152 243 157 0 155 157 149 150 150 150 159 153 154 0 0 0 152 243 156 242 153 158 151 0 0 0 0 0 152 153 153 153 153 153 153 153 153 153 153 153 153 243 157 0 0 0 0 0 0 0 0 0 152 158 151 0 0 0 0 0
             153 153 153 153 153 153 244 153 153 153 153 153 153 153 153 153 153 153 154 0 0 0 0 0 0 149 151 0 0 0 0 0 0 0 0 0 0 0 0 0 155 157 0 0 0 0 152 243 156 156 156 242 158 151 0 0 155 157 0 155 242 243 157 0 0 0 0 0 155 156 156 242 153 153 153 153 153 153 243 156 242 154 0 0 0 0 0 0 0 0 0 0 155 156 157 0 0 0 0 0
             153 153 153 153 153 153 153 153 153 153 153 153 153 153 153 153 153 153 158 150 150 151 0 0 149 159 158 151 0 0 0 0 0 0 0 0 0 0 0 0 0 0 0 0 0 0 155 157 0 0 0 155 156 157 0 0 0 0 0 0 155 157 0 0 0 0 0 0 0 0 0 155 156 242 153 153 153 153 154 0 155 157 149 150 150 150 151 0 0 0 0 0 0 0 149 150 151 0 149 150
             153 153 153 153 153 153 153 153 153 153 153 153 153 153 153 153 153 153 153 153 153 154 0 0 152 153 153 154 0 0 0 0 0 0 0 0 0 149 150 151 0 0 0 0 0 0 0 0 0 0 0 0 0 0 0 0 0 0 0 0 0 0 0 0 0 0 0 0 0 0 0 0 0 155 242 153 153 153 158 151 0 0 155 156 242 153 154 0 0 0 0 0 0 0 155 242 158 150 159 153
             153 153 153 153 153 153 153 245 153 153 153 153 153 243 156 242 153 153 153 153 153 158 150 150 159 153 243 157 0 0 0 0 0 0 0 0 0 152 153 158 150 150 150 151 0 0 0 0 0 0 0 0 0 0 0 0 0 0 0 0 0 0 0 0 0 0 0 0 0 0 0 0 0 0 152 153 153 153 243 157 0 0 0 0 155 156 157 0 0 0 0 0 0 0 0 152 153 153 153 153
             153 153 153 153 153 153 153 153 153 153 153 153 153 154 0 152 153 153 153 153 153 153 153 153 153 153 154 0 0 0 0 0 0 0 0 0 0 155 242 153 153 243 156 157 0 0 0 0 0 0 149 150 151 0 0 0 0 0 0 0 0 0 0 0 0 0 0 0 0 0 0 0 0 0 155 242 153 153 154 0 0 0 0 0 0 0 0 0 0 0 0 0 0 0 0 155 242 153 153 153
             153 153 153 153 153 153 153 153 153 153 153 153 153 158 150 159 153 153 153 245 153 153 153 153 153 153 154 0 0 0 0 0 0 0 0 0 0 0 155 156 242 154 0 0 0 0 0 0 0 0 155 242 158 151 0 0 0 0 149 150 151 0 149 151 0 0 0 0 0 0 0 0 0 0 0 152 153 153 158 151 0 0 0 0 0 0 0 0 0 0 0 0 0 0 0 0 155 242 153 153
             153 153 153 153 153 153 153 153 153 153 153 153 153 153 153 153 153 153 153 153 153 153 153 153 153 243 157 0 0 0 0 0 0 0 0 0 0 149 151 0 155 157 0 149 150 151 0 0 0 0 0 152 153 158 150 151 0 0 152 153 154 0 155 157 0 0 0 0 0 0 0 0 0 0 0 152 153 153 243 157 0 0 0 0 0 0 0 0 0 0 0 0 0 0 0 0 0 152 153 245
             153 153 153 153 153 153 153 153 153 153 153 153 243 156 242 153 153 153 153 153 153 153 153 153 153 154 0 0 0 0 0 0 0 0 0 0 0 152 154 0 0 0 0 152 243 157 0 149 150 150 150 159 153 153 153 158 150 150 159 243 157 0 0 0 0 149 150 151 0 0 0 0 149 150 150 159 153 153 154 0 0 0 0 0 0 0 0 0 0 0 0 0 0 0 0 0 0 155 242 153
             153 153 153 153 153 153 153 153 153 153 153 153 154 0 152 153 153 153 153 153 153 153 153 153 153 158 151 0 0 0 0 0 0 0 0 0 0 155 157 0 0 0 0 155 157 0 149 159 153 153 153 153 153 153 153 153 153 153 153 154 0 0 0 0 0 155 156 157 0 0 0 149 159 243 156 156 156 156 157 0 0 0 0 0 0 0 0 0 0 0 0 0 0 0 0 0 0 0 155 242
             153 153 153 153 153 153 153 153 153 153 243 156 157 149 159 153 153 153 153 153 153 153 153 153 153 153 154 0 0 0 0 0 0 0 0 0 0 0 0 0 0 0 0 0 0 0 152 153 153 153 153 153 153 153 153 153 153 153 153 158 150 151 0 0 0 0 0 0 0 0 0 152 153 154 0 0 0 0 0 0 0 0 0 0 0 0 0 0 149 150 150 151 0 0 0 0 0 0 0 152
             153 153 153 153 153 153 153 153 153 153 154 0 0 152 153 153 153 243 156 242 153 243 156 242 153 153 158 150 151 0 0 0 0 0 0 0 0 0 0 0 0 0 0 0 149 150 159 153 153 153 153 153 153 153 153 245 153 153 153 153 153 158 150 151 0 0 0 0 0 0 0 152 153 154 0 0 0 0 0 0 0 0 0 0 0 0 0 0 152 153 153 158 151 0 0 0 0 0 149 159
             153 153 153 153 153 153 153 153 153 153 158 150 150 159 153 153 243 157 0 155 156 157 0 152 153 153 153 243 157 0 0 0 0 0 0 0 0 0 0 149 150 150 150 150 159 153 153 153 153 153 153 153 153 153 153 153 153 153 243 156 156 156 156 157 0 0 0 0 0 0 0 155 156 157 0 0 0 0 0 0 0 0 0 0 0 0 0 0 152 153 153 153 158 151 0 0 0 0 152 153
             153 153 153 153 153 153 153 153 153 153 153 153 153 153 153 153 154 0 0 0 0 149 150 159 153 153 153 154 0 0 0 0 0 0 0 0 0 149 150 159 153 153 153 153 153 153 153 153 153 153 153 153 153 153 153 153 153 153 154 0 0 0 0 0 0 0 0 0 149 151 0 0 0 0 149 150 151 0 0 0 0 0 0 0 0 0 0 0 152 153 243 156 242 158 150 151 0 0 155 156
             153 153 153 153 153 153 153 153 245 153 153 153 243 156 242 153 158 151 0 0 0 152 153 153 153 153 153 154 0 0 0 0 0 0 0 0 0 155 156 156 242 243 156 156 156 242 153 153 153 153 153 153 153 153 153 153 153 153 158 150 151 0 0 0 0 149 150 151 155 157 0 0 0 149 159 243 157 0 0 0 0 0 0 0 149 150 150 150 159 153 154 0 152 153 243 157 0 0 0 0
             153 153 153 153 153 153 153 153 153 153 153 153 154 0 152 153 153 154 0 149 150 159 153 153 243 156 156 157 0 0 0 0 0 0 0 0 0 0 0 0 155 157 0 0 0 152 153 153 153 153 153 153 153 153 153 153 153 243 156 156 157 0 0 0 0 155 242 154 0 0 0 0 0 152 153 154 0 0 0 149 150 150 150 150 159 153 243 156 242 153 158 150 159 243 157 0 0 0 0 149
             153 153 153 153 153 153 153 153 153 153 153 153 158 150 159 153 153 154 0 152 153 153 153 153 154 0 0 0 0 149 150 150 150 151 0 0 0 0 0 0 0 0 0 149 151 155 242 153 153 153 153 153 153 153 153 243 156 157 0 0 0 0 0 0 0 0 152 154 0 0 149 150 150 159 153 158 150 150 150 159 243 156 156 156 242 243 157 0 152 245 153 153 243 157 0 0 0 0 0 152
             153 153 153 153 153 153 153 153 153 153 153 153 153 243 156 156 242 158 150 159 153 153 153 153 154 0 0 0 0 152 153 153 243 157 0 0 0 0 0 0 0 0 0 152 154 0 152 153 153 153 153 153 153 153 153 154 0 0 0 0 0 0 0 0 0 0 155 157 0 0 152 153 153 153 153 153 153 243 156 156 157 0 0 0 155 157 0 0 155 156 156 156 157 0 0 0 0 0 0 155
             153 153 153 153 153 153 153 153 153 153 153 153 153 154 0 0 152 153 153 153 153 153 153 153 154 0 0 0 149 159 153 243 157 0 0 0 0 0 0 0 0 0 149 159 158 150 159 153 153 153 153 243 156 242 243 157 0 0 0 0 149 150 151 0 0 0 0 0 0 0 152 153 153 153 243 156 242 154 0 0 0 149 151 0 0 0 0 0 0 0 0 0 0 0 0 0 0 0 0 0
             153 153 153 153 153 153 153 153 153 153 153 243 156 157 0 0 152 153 153 153 153 153 153 153 154 0 0 0 152 153 243 157 0 149 150 150 151 0 149 151 0 0 155 242 153 153 153 153 243 156 156 157 0 155 157 0 0 0 0 0 152 243 157 0 0 0 0 0 0 0 152 153 153 153 154 0 152 154 0 0 149 159 154 0 0 0 0 0 0 0 0 0 0 0 0 0 0 0 0 0
             153 153 153 153 153 153 153 153 153 153 243 157 0 0 149 150 159 153 153 153 153 153 153 243 157 0 0 0 155 242 154 0 0 152 243 156 157 0 155 157 0 0 0 152 153 153 243 156 157 0 0 149 150 151 0 0 0 0 0 0 155 157 0 0 0 0 0 0 0 0 155 242 153 153 158 151 155 157 0 0 155 242 158 151 0 0 149 150 151 0 0 0 0 0 0 149 151 0 0 0
             153 153 153 153 153 153 153 153 243 156 157 0 0 0 152 153 245 153 153 153 153 153 153 154 0 0 0 0 0 152 158 151 0 155 157 0 0 149 151 0 0 0 0 152 153 153 154 0 0 0 0 152 153 158 151 0 0 0 0 0 0 0 0 0 0 0 0 0 0 0 0 155 242 153 153 154 0 0 0 0 0 152 153 158 151 0 152 153 154 0 0 0 0 0 0 155 157 0 0 0
             153 153 153 153 153 153 153 153 154 0 0 0 0 0 155 242 153 153 153 153 153 153 153 158 150 151 0 0 149 159 153 158 151 0 0 0 0 155 157 0 0 0 0 152 153 153 158 150 151 0 0 152 153 153 158 151 0 0 0 0 0 0 0 0 0 0 0 0 0 0 0 0 152 153 153 154 0 0 0 0 0 155 242 153 158 150 159 243 157 0 0 0 0 0 0 0 0 0 0 0
             153 153 153 153 153 153 153 153 158 151 0 0 0 0 0 155 242 153 153 153 153 153 153 153 153 158 151 0 152 153 153 153 154 0 0 0 0 0 0 0 0 0 0 152 153 153 153 153 158 150 150 159 153 153 153 158 150 151 0 0 0 0 0 0 0 0 0 0 0 0 0 0 152 243 156 157 0 0 0 0 0 0 152 243 156 242 243 157 0 0 0 0 0 0 0 0 0 0 0 0
             153 153 153 153 153 153 245 153 153 158 150 150 150 151 0 0 152 153 153 153 153 153 153 153 153 153 158 150 159 153 245 243 157 0 0 0 0 0 0 0 0 0 0 155 156 242 153 153 153 153 153 153 153 153 153 153 153 154 0 0 0 0 0 0 0 0 0 0 0 0 0 0 155 157 0 149 150 151 0 0 0 0 155 157 0 155 157 0 0 0 0 0 0 0 0 0 0 0 0 0
             153 153 153 153 153 153 153 153 244 153 153 153 243 157 0 0 152 153 153 153 243 156 242 153 153 153 153 153 153 153 153 154 0 0 0 0 0 0 0 0 0 0 0 0 0 155 156 242 153 243 156 242 153 153 153 243 156 157 0 0 0 0 0 0 0 0 0 0 0 0 0 0 0 0 0 152 153 154 0 0 0 0 0 0 0 0 0 0 0 0 0 0 0 0 0 0 0 0 0 149
             153 153 153 153 153 153 153 153 153 153 243 156 157 0 0 149 159 153 153 153 154 0 152 153 153 153 153 153 153 153 243 157 0 0 0 0 0 0 0 0 0 0 0 0 0 0 0 152 153 154 0 155 242 153 153 154 0 149 151 0 0 0 0 0 0 0 0 0 0 0 0 0 0 0 0 152 243 157 0 0 0 0 0 0 0 0 0 0 0 0 0 0 0 0 0 0 0 0 0 152
             153 153 153 153 153 153 153 153 153 153 154 0 0 0 149 159 153 153 153 153 158 150 159 153 153 153 153 153 153 153 154 0 0 0 0 0 0 0 0 0 0 0 0 0 0 0 0 155 242 158 151 0 155 242 153 158 150 159 158 150 151 0 0 0 0 0 0 0 0 0 0 0 0 0 0 155 157 0 0 0 0 0 0 0 0 0 0 0 0 0 0 0 0 0 0 0 0 0 0 152
             153 153 153 153 153 153 153 153 153 153 154 0 0 149 159 153 153 153 153 153 244 153 153 153 153 153 245 153 153 243 157 0 0 0 0 0 0 0 0 0 0 0 0 0 0 0 0 0 155 156 157 0 0 152 153 153 153 153 153 153 154 0 149 151 0 0 0 0 0 0 0 0 0 0 0 0 0 0 149 150 151 0 0 0 0 0 0 0 0 0 0 0 0 0 0 0 0 0 0 152
             153 153 153 153 153 153 153 153 153 153 158 150 150 159 153 153 153 153 243 156 242 153 153 153 153 153 153 243 156 157 0 0 0 0 0 0 0 0 0 0 0 0 0 0 0 0 0 0 0 0 0 0 149 159 153 153 153 153 153 153 154 0 152 154 0 0 0 0 0 0 0 0 0 0 0 0 0 0 155 156 157 0 0 0 0 0 0 0 0 0 0 0 0 0 0 0 0 149 150 159
             153 153 153 153 153 153 153 153 153 153 153 244 153 153 153 153 153 153 154 0 152 153 153 153 153 153 153 154 0 0 0 0 0 0 0 0 0 0 0 0 0 0 0 0 0 0 0 0 0 0 0 0 152 153 153 153 153 153 153 153 158 150 159 158 150 151 0 0 0 0 0 0 0 0 0 0 0 0 0 0 0 149 151 0 0 0 0 0 0 0 0 0 0 0 0 0 0 152 153 153
             153 153 153 153 153 153 153 153 153 153 153 153 153 153 153 153 153 153 158 150 159 153 243 156 242 153 243 157 0 0 0 0 0 0 0 0 0 0 0 0 0 0 0 0 0 0 0 0 0 0 0 0 155 156 242 153 153 153 153 153 153 153 153 153 243 157 0 149 150 151 0 0 0 0 0 0 0 0 0 0 0 155 157 0 0 0 0 0 0 0 0 0 0 0 0 0 0 155 242 153
             153 153 153 153 153 153 153 153 153 153 153 153 153 153 153 153 153 153 153 153 153 243 157 0 155 242 154 0 0 0 0 0 0 0 0 0 0 0 0 0 0 0 0 0 0 0 0 0 0 0 0 0 0 0 152 153 153 153 153 153 153 153 153 153 154 0 149 159 153 154 0 0 0 0 0 0 0 0 0 0 0 0 0 0 0 0 0 0 0 0 0 0 0 0 0 0 0 0 152 153
             153 153 153 153 153 153 153 153 153 153 243 156 156 156 242 153 153 153 153 153 153 154 0 0 0 155 157 0 0 0 0 0 0 0 0 0 0 0 0 0 0 0 0 0 0 0 0 0 0 0 0 0 0 0 155 156 156 242 153 153 153 153 153 153 158 150 159 153 153 158 151 0 0 0 0 0 0 0 0 0 0 0 0 0 0 0 0 0 0 0 0 0 0 0 0 0 0 0 155 242
             153 153 153 153 153 153 153 153 243 156 157 0 0 0 152 153 153 153 153 153 153 154 0 0 0 0 0 0 0 0 0 0 149 151 0 0 0 0 0 0 0 0 0 0 0 0 0 0 0 0 0 0 0 0 0 0 0 152 153 153 153 153 153 153 153 153 153 153 153 153 154 0 0 0 0 0 0 0 0 0 0 0 0 149 151 0 0 0 0 0 0 0 0 0 0 0 0 0 0 155
             153 153 153 153 153 153 153 243 157 0 0 0 149 150 159 153 153 153 153 153 243 157 0 0 0 0 0 0 149 150 151 0 152 158 151 0 0 0 0 0 0 0 0 0 0 0 0 0 0 149 151 0 0 0 0 0 0 155 156 242 153 153 153 153 153 153 153 153 153 243 157 0 0 0 0 0 0 0 0 0 149 150 150 159 158 151 0 0 0 0 0 0 0 0 0 0 0 0 0 0
             153 153 153 153 153 153 153 154 0 0 0 0 152 153 153 153 153 153 243 156 157 0 0 0 0 0 0 0 152 153 154 0 155 242 158 150 151 0 0 0 0 0 0 0 0 0 0 0 0 155 157 0 0 0 0 0 0 0 0 155 242 153 153 153 153 153 153 153 153 154 0 0 0 0 0 0 0 0 0 0 152 153 245 153 243 157 0 0 0 0 0 0 0 0 0 0 0 0 0 0
             153 153 243 156 242 153 153 158 151 0 149 150 159 153 153 153 153 153 154 0 0 0 0 0 0 0 149 151 155 242 158 151 0 152 243 156 157 0 0 0 0 0 0 0 0 0 0 0 0 0 0 0 0 0 0 0 0 0 0 0 152 153 153 153 153 153 243 156 156 157 149 151 0 0 0 0 0 0 0 0 155 156 242 153 154 0 0 0 0 0 0 0 0 0 0 0 0 0 0 0
             153 243 157 0 152 153 153 243 157 0 155 156 242 153 153 153 153 243 157 0 0 0 0 0 0 0 155 157 0 155 242 154 0 155 157 0 0 0 0 0 0 0 0 0 0 0 0 0 0 0 0 0 0 0 0 0 0 0 0 149 159 153 153 153 243 156 157 0 0 0 155 157 0 0 0 0 0 0 0 0 0 0 152 153 158 151 0 0 0 0 0 0 0 0 0 0 0 0 0 0
             153 154 0 0 152 153 243 157 0 0 0 0 152 153 153 153 153 154 0 0 0 0 0 0 0 0 0 0 0 0 155 157 0 0 0 149 150 151 0 0 0 0 0 0 0 0 0 0 0 0 0 0 0 0 0 0 0 0 0 152 153 153 153 243 157 0 149 151 0 0 0 0 149 150 151 0 0 149 150 150 151 0 155 242 153 154 0 0 0 0 0 0 0 0 0 0 0 0 0 0
             153 154 0 149 159 153 154 0 0 149 150 150 159 153 153 153 153 154 0 0 0 0 0 0 0 0 0 0 0 0 0 0 149 150 151 155 242 158 150 151 0 0 0 0 0 0 0 0 0 0 0 0 0 0 0 0 0 0 0 152 153 243 156 157 0 0 155 157 0 0 0 0 152 153 154 0 149 159 153 153 154 0 0 152 243 157 0 0 0 0 0 0 0 0 0 0 0 0 0 0
             153 158 150 159 153 243 157 0 0 152 153 153 153 153 153 153 243 157 0 0 0 0 0 0 0 0 0 0 0 0 0 0 155 242 154 0 155 242 153 154 0 149 150 151 0 0 0 0 0 0 0 0 0 0 0 0 0 0 0 155 242 154 0 0 0 0 0 0 149 150 150 150 159 153 158 150 159 153 153 153 158 151 0 155 157 0 0 0 0 0 0 0 0 0 0 0 0 0 0 0
             245 153 153 153 153 154 0 0 0 152 153 153 153 153 153 153 154 0 0 0 0 0 0 0 0 0 0 0 0 0 0 0 0 155 157 0 0 155 156 157 0 152 243 157 0 0 0 0 0 0 0 0 149 151 0 0 0 0 0 0 152 158 150 150 151 0 0 0 155 242 153 153 153 153 153 153 153 153 153 153 153 154 0 0 0 0 0 0 0 0 0 0 0 0 0 0 0 0 0 0
             153 153 153 153 153 158 150 150 150 159 153 153 153 153 153 153 158 150 151 0 0 0 0 0 0 0 0 0 0 0 0 0 0 0 149 150 151 0 0 0 0 152 154 0 0 0 0 0 0 0 0 0 155 157 0 0 0 0 0 0 155 156 242 153 158 151 0 0 0 155 242 153 153 153 153 153 153 153 153 153 153 154 0 0 0 0 0 0 149 151 0 0 0 0 0 0 0 0 0 0
             153 245 153 153 153 153 153 153 153 153 153 243 156 242 153 153 243 156 157 0 0 0 0 0 0 0 0 0 0 0 0 0 0 0 155 156 157 0 0 0 0 152 158 150 151 0 0 0 0 0 0 0 0 0 0 0 0 0 0 0 0 0 152 243 156 157 0 0 0 0 155 156 156 242 153 153 153 153 153 243 156 157 0 0 0 0 0 0 155 157 0 0 0 0 0 0 0 0 0 0
             153 153 153 153 153 153 153 153 153 153 153 154 0 155 242 243 157 0 0 0 0 0 0 0 0 0 0 0 0 0 0 0 0 0 0 0 0 0 0 0 0 152 153 153 154 0 0 0 0 0 0 0 0 0 0 0 0 0 0 0 0 0 155 157 0 0 0 0 0 0 0 0 0 152 153 153 153 153 153 154 0 149 151 0 0 0 0 0 0 0 0 0 0 0 0 0 0 0 0 0
             153 153 153 153 153 153 153 153 153 153 243 157 0 0 152 154 0 0 0 0 0 0 149 151 0 0 0 0 0 0 0 0 0 0 0 0 0 0 0 0 0 155 156 242 158 151 0 0 0 0 0 0 0 0 0 0 0 0 0 0 0 0 0 0 0 0 0 0 0 0 0 0 149 159 153 153 153 153 153 158 150 159 154 0 0 0 0 0 0 0 0 0 0 0 0 0 0 0 0 0
             153 153 153 153 153 153 153 153 153 243 157 0 0 0 155 157 0 0 0 0 149 151 155 157 0 0 0 0 0 0 0 0 0 0 0 0 0 0 0 0 0 0 0 152 243 157 0 0 0 0 0 0 0 0 0 0 0 0 0 0 0 0 0 0 0 0 0 0 149 151 0 0 152 153 244 153 245 153 153 153 153 153 154 0 0 0 0 0 0 0 0 0 0 0 0 0 0 0 0 0
             153 153 153 153 153 153 153 153 153 154 0 149 150 151 0 0 0 0 0 0 152 154 0 0 0 0 0 0 0 0 0 0 0 0 0 0 0 0 0 0 0 0 0 152 154 0 0 149 151 0 0 0 0 0 0 0 0 0 0 0 0 0 0 0 0 0 0 0 152 158 150 150 159 153 153 153 153 153 153 153 153 153 158 150 151 0 0 0 0 0 0 0 0 0 0 0 0 0 0 0
             153 153 153 153 153 153 153 153 153 158 150 159 153 158 151 0 149 150 150 150 159 154 0 0 0 0 0 0 0 0 0 0 0 0 0 0 0 0 0 0 0 0 0 152 158 151 0 155 157 0 0 0 0 0 0 0 0 0 0 0 0 0 0 0 0 0 0 149 159 153 153 153 245 153 153 153 153 153 153 153 153 153 153 153 154 0 0 0 0 0 0 0 0 0 0 0 149 151 0 0
             153 153 153 153 153 243 156 156 242 153 153 153 243 156 157 0 152 153 153 153 153 158 150 151 0 0 0 0 0 0 0 0 0 0 0 0 0 0 0 0 0 0 0 152 153 154 0 0 0 0 0 0 0 0 0 0 0 0 0 0 0 0 0 0 0 0 0 152 153 153 153 153 153 153 153 153 243 156 156 242 153 153 153 153 158 150 150 151 0 0 0 0 0 0 0 0 155 157 0 0
             153 153 243 156 242 154 0 0 155 242 243 156 157 0 149 150 159 153 153 153 153 153 153 154 0 0 149 150 151 0 0 0 0 0 0 0 0 0 0 0 149 151 0 152 153 154 0 0 0 0 0 0 0 0 0 0 0 0 0 0 0 0 0 0 0 0 0 152 153 153 153 243 156 156 242 243 157 0 0 155 242 153 153 153 153 243 156 157 0 0 0 0 0 0 0 0 0 0 0 0
             153 153 154 0 155 157 0 0 0 152 154 0 0 0 152 153 153 153 153 153 153 153 153 158 151 0 152 153 154 0 0 149 150 151 0 0 0 0 0 0 152 154 0 155 156 157 0 0 0 0 149 151 0 0 0 0 0 0 0 0 0 0 0 0 0 0 0 152 153 153 243 157 0 0 152 154 0 0 0 0 152 153 153 243 156 157 0 0 0 0 0 0 0 0 0 0 0 0 0 0
             153 243 157 149 151 0 0 0 0 155 157 0 0 0 152 153 153 153 153 153 153 153 153 153 158 150 159 153 158 150 150 159 243 157 0 0 0 0 0 149 159 158 151 0 0 0 0 0 0 0 155 157 0 0 0 0 0 0 0 0 0 0 0 0 0 0 0 152 153 153 154 0 0 0 152 154 0 0 0 149 159 153 153 154 0 0 0 0 0 0 0 0 0 0 0 0 0 0 0 0
             153 154 0 152 158 151 0 0 0 0 0 0 0 0 155 242 153 153 243 156 156 156 242 153 153 153 153 153 153 243 156 156 157 0 0 0 0 149 150 159 153 243 157 0 0 0 0 0 0 149 151 0 0 0 0 0 0 0 0 0 0 0 0 0 0 0 0 155 156 242 154 0 149 150 159 154 0 0 0 155 156 242 245 158 150 151 0 0 0 0 0 0 0 0 0 0 149 151 0 0
             156 157 0 155 156 157 0 0 0 0 0 0 0 0 0 155 242 153 154 0 0 0 152 153 153 153 153 153 243 157 0 0 0 0 0 0 0 152 153 153 153 154 0 0 0 0 0 0 0 155 157 0 0 0 0 0 0 0 0 0 0 0 0 0 0 0 0 0 0 155 157 0 152 153 243 157 0 0 0 0 0 152 153 153 153 158 151 0 0 0 0 0 0 0 0 149 159 158 151 0
             0 0 0 0 0 0 0 0 0 0 0 0 0 0 0 0 155 242 158 151 0 0 155 156 156 242 153 153 154 0 0 0 0 0 0 0 0 152 153 244 153 158 151 0 0 0 0 0 0 0 0 0 0 0 0 0 0 0 0 0 0 0 0 0 0 0 0 0 0 0 0 0 155 156 157 0 0 149 150 150 150 159 153 153 153 153 154 0 0 0 0 0 0 0 0 155 242 243 157 0
             0 0 0 0 0 0 0 0 0 0 0 0 0 0 0 0 0 155 156 157 0 0 0 0 0 155 242 153 158 151 0 0 0 0 0 0 0 155 242 243 156 242 158 151 0 0 0 0 0 0 0 0 0 0 0 0 0 0 0 0 0 0 0 0 0 0 0 0 0 0 0 0 0 0 0 0 0 152 153 153 153 153 153 153 153 153 154 0 0 0 149 150 150 150 151 0 155 157 0 0
             0 0 0 0 0 0 0 0 0 0 0 0 0 0 0 0 0 0 0 0 0 0 0 0 0 0 155 242 153 154 0 0 0 0 0 0 0 0 152 154 0 155 156 157 0 0 0 0 149 151 0 0 0 0 0 0 0 0 0 0 0 0 0 0 0 0 0 0 0 0 0 0 0 0 0 0 0 155 156 242 243 156 242 153 153 153 158 150 151 0 152 153 153 153 154 0 0 0 0 0
             0 0 0 0 0 0 0 0 0 0 0 0 0 0 0 0 0 0 0 0 0 0 149 151 0 0 0 152 153 154 0 0 0 0 0 0 0 0 155 157 0 0 0 0 0 0 0 0 155 157 0 0 0 0 0 0 0 0 0 0 0 0 0 0 0 0 0 0 0 0 0 0 0 0 0 0 0 0 0 152 154 0 152 153 153 153 153 153 158 150 159 153 153 153 158 150 150 150 150 150
             0 0 0 0 0 0 0 0 0 0 0 0 0 0 0 0 0 0 0 149 150 150 159 158 150 150 151 155 156 157 0 0 0 0 0 0 0 149 151 0 0 0 0 0 0 0 0 0 0 0 149 150 151 0 0 0 0 0 0 0 0 0 0 0 0 0 0 0 0 0 0 0 0 0 0 0 0 0 149 159 154 0 152 153 153 153 153 153 153 153 153 153 153 153 153 153 153 153 153 153
             0 0 0 0 0 0 0 0 0 0 0 0 0 0 0 0 0 0 0 155 156 156 242 153 153 153 154 0 0 0 0 0 0 0 0 0 0 155 157 0 0 0 0 0 0 0 0 0 0 149 159 153 154 0 0 0 0 149 150 151 0 0 0 0 0 0 0 0 0 0 0 0 0 0 0 0 0 0 155 242 158 150 159 153 153 153 153 153 153 153 153 153 153 153 153 153 153 153 153 153
             0 0 0 0 0 0 0 0 0 0 0 0 0 0 0 0 0 0 0 0 0 0 155 242 153 153 154 0 0 0 0 0 0 0 0 149 151 0 0 0 0 0 0 0 0 0 0 0 0 152 243 156 157 0 0 0 0 155 242 154 0 0 0 0 0 0 0 0 149 151 0 0 0 0 0 0 0 0 0 152 153 153 153 153 153 153 153 153 153 153 153 153 153 153 153 153 153 153 153 153
             0 0 0 0 0 0 0 0 0 0 0 0 0 0 0 0 0 0 0 0 0 0 0 152 153 153 154 0 0 0 0 0 0 0 0 152 158 151 0 0 0 0 0 0 0 0 0 0 0 155 157 0 0 0 0 0 0 0 152 154 0 0 0 0 0 0 149 150 159 154 0 0 0 149 150 150 151 0 0 155 242 153 153 153 153 153 153 153 153 153 153 153 153 153 153 153 153 153 153 153
             0 0 0 0 0 0 0 0 0 0 0 0 0 0 0 0 0 0 0 0 0 0 0 155 242 243 157 0 0 0 0 0 0 0 0 155 242 154 0 0 149 151 0 0 0 0 0 0 0 0 0 0 0 0 0 0 0 0 152 154 0 0 0 0 0 0 155 242 153 158 151 0 0 155 242 153 154 0 0 0 152 153 245 153 153 153 153 153 153 153 153 153 153 153 153 153 153 153 153 153
             0 0 0 0 0 0 0 0 0 0 0 0 0 0 0 0 0 0 0 0 0 0 0 0 155 157 0 0 0 149 151 0 0 0 0 0 155 157 0 0 155 157 0 0 0 0 0 0 0 0 0 0 0 0 0 0 0 0 155 157 0 0 0 0 0 0 0 152 153 153 154 0 0 0 152 153 158 150 150 150 159 153 153 153 153 153 153 153 153 153 153 153 153 153 153 153 153 153 153 153
             0 0 0 0 0 0 0 0 0 0 0 0 0 0 0 0 0 0 0 0 0 0 0 0 0 0 0 0 0 152 158 150 151 0 0 0 0 0 0 0 0 0 149 150 150 150 151 0 0 0 0 0 0 0 0 0 0 0 0 0 0 0 0 0 0 149 150 159 153 153 158 151 0 0 152 153 153 153 153 153 153 153 153 245 153 153 153 153 153 153 153 153 153 153 153 153 153 153 153 153
            ))

    (tilemap
      (z-pos -170)
      (width 100)
      (height 100)
      (speed 0.2)
      (speed-y0.2)
      (solid #f)
      (tiles 165 165 165 166 0 0 0 0 0 164 165 165 165 165 166 0 0 0 0 0 0 0 0 0 0 0 0 0 0 0 0 0 0 164 165 165 165 165 165 165 257 165 165 166 0 0 0 0 0 0 164 256 257 166 0 0 164 165 166 0 0 0 0 0 0 164 165 166 0 0 0 0 0 0 0 0 0 0 0 0 0 0 0 0 0 0 0 0 0 0 0 0 0 0 0 0 0 0 0 0
             165 165 165 170 163 0 0 0 0 164 165 165 165 255 169 0 0 0 0 0 0 0 0 0 0 0 0 0 0 0 0 0 0 167 168 254 165 165 165 165 165 165 165 166 0 0 0 0 0 0 164 165 255 169 0 0 167 254 170 162 163 0 0 0 0 167 168 169 0 0 0 0 0 0 0 0 0 0 0 0 0 0 0 0 0 0 0 0 0 0 0 0 0 0 0 0 0 0 0 0
             165 165 165 165 170 162 162 162 162 171 165 165 165 166 0 0 0 0 0 0 0 0 0 0 0 0 0 0 0 0 0 161 162 163 0 164 165 165 165 165 165 165 165 166 0 0 0 0 0 0 167 168 169 0 0 0 0 167 254 255 169 0 0 0 0 0 0 0 0 0 0 161 163 0 0 0 0 0 0 0 0 0 0 0 0 0 0 0 0 0 0 0 0 0 0 0 0 0 0 0
             165 255 168 254 165 165 256 165 165 165 165 165 255 169 0 0 0 0 0 0 0 0 0 0 0 0 0 0 0 0 0 164 165 170 162 171 165 165 165 165 165 165 255 169 161 162 163 0 0 0 0 0 0 0 0 0 0 0 167 169 0 0 0 0 0 0 0 0 0 0 0 164 170 163 0 0 0 0 0 0 0 0 0 0 0 0 0 0 0 0 0 0 0 0 0 0 0 0 0 0
             168 169 0 167 254 165 165 256 165 165 165 255 169 0 0 0 0 0 0 0 0 0 0 0 0 0 0 0 0 0 0 167 254 165 165 165 165 165 165 255 168 168 169 0 164 165 166 0 0 0 0 0 0 0 0 0 0 0 0 0 161 163 0 0 0 0 0 0 0 0 0 167 168 169 0 0 0 0 0 0 0 0 0 0 0 0 161 163 0 0 0 0 0 0 0 0 0 0 0 0
             0 0 0 0 164 165 255 168 254 165 165 166 0 0 0 0 0 0 0 0 0 0 0 0 0 0 0 0 0 0 0 0 164 165 165 165 165 165 165 166 0 0 0 161 171 255 169 0 0 0 0 0 0 0 0 0 0 0 0 0 164 170 163 0 0 0 0 161 163 0 0 0 0 0 0 0 0 0 0 0 0 0 0 0 0 0 164 170 163 0 0 0 0 0 0 0 0 0 0 0
             0 0 0 161 171 165 166 0 167 254 165 166 0 0 161 163 0 0 0 161 162 163 0 0 0 0 0 0 0 0 0 0 164 165 165 165 255 168 254 166 0 0 161 171 165 166 0 0 0 0 0 161 163 0 0 0 0 0 0 0 164 165 170 163 0 0 0 164 170 163 0 0 0 0 0 0 0 0 0 0 0 0 0 0 0 0 164 255 169 0 0 0 0 0 0 0 0 0 0 0
             0 0 0 164 165 165 170 163 0 167 168 169 0 0 164 170 162 163 0 167 168 169 0 0 0 0 0 0 0 0 0 0 164 165 165 165 166 0 164 166 0 0 167 254 165 170 163 0 0 0 0 167 169 0 0 0 0 0 0 0 167 254 255 169 0 161 162 171 165 170 163 0 0 0 0 0 0 0 0 0 0 0 0 0 0 0 167 169 0 0 0 0 0 0 0 0 0 0 0 0
             0 0 0 164 165 257 165 170 163 0 0 0 0 0 164 165 255 169 0 0 0 161 163 0 0 0 0 0 0 0 0 0 164 165 165 165 170 163 167 169 0 0 0 167 168 168 169 0 0 0 0 0 0 0 0 0 0 0 0 0 0 167 169 0 0 167 168 168 168 168 169 0 0 0 0 0 0 0 0 0 0 0 0 0 0 0 0 0 0 0 0 0 0 0 0 0 0 0 0 0
             0 0 0 167 168 254 165 165 170 163 0 0 0 0 164 165 166 0 0 161 162 171 166 0 0 0 0 0 161 163 0 0 164 165 255 168 254 166 0 0 0 0 0 0 0 0 0 161 163 0 0 0 0 0 0 0 0 0 0 0 0 0 0 0 0 0 0 0 0 0 0 0 0 0 0 0 0 0 0 0 0 0 0 0 0 0 0 161 163 0 0 0 0 0 0 0 0 0 0 0
             0 0 0 0 0 164 165 165 165 166 0 0 0 0 164 165 170 163 0 164 255 168 169 0 0 0 0 0 164 166 0 161 171 255 169 0 167 169 0 0 0 0 0 0 0 0 0 164 170 163 0 161 163 0 0 161 162 162 163 0 0 0 0 0 0 0 0 0 0 161 163 0 0 0 0 0 0 0 0 0 0 0 0 0 0 0 0 167 169 0 161 162 163 0 0 0 0 0 0 0
             0 0 0 0 0 164 256 165 165 170 163 0 0 0 167 168 254 170 162 171 166 0 0 0 0 0 0 0 167 169 0 164 165 166 0 0 0 0 0 0 0 0 0 0 0 0 0 164 165 166 0 164 170 162 162 171 165 257 170 163 0 0 0 0 0 0 0 0 161 171 170 162 163 0 0 0 0 0 0 0 0 0 0 0 0 0 0 0 0 0 167 168 169 0 0 0 0 0 0 0
             0 0 0 0 0 167 168 168 254 165 166 0 0 161 163 0 167 254 165 255 169 161 163 0 0 0 0 0 0 0 161 171 255 169 0 0 0 0 0 0 0 0 0 0 0 0 0 167 254 170 163 167 254 165 257 165 165 165 165 166 0 0 0 0 0 0 0 0 167 254 165 165 166 0 0 0 0 0 0 0 0 0 0 161 163 0 0 0 0 0 0 0 0 0 0 0 0 0 0 161
             162 163 0 0 0 0 0 0 167 168 169 0 161 171 166 0 0 164 257 166 0 167 169 0 0 0 0 0 0 0 164 165 166 0 0 0 0 0 0 0 0 0 0 0 0 0 0 0 167 254 166 0 164 165 165 165 165 165 255 169 0 0 0 0 0 0 0 0 0 167 168 168 169 0 0 0 0 0 0 0 0 0 0 164 166 0 0 0 0 0 0 0 0 0 0 0 0 0 0 164
             165 166 0 0 0 0 0 0 0 0 0 161 171 165 166 0 0 164 165 170 163 0 0 161 162 163 0 0 0 161 171 255 169 0 0 0 0 0 0 0 0 0 0 0 0 0 0 0 0 167 169 0 164 165 165 165 165 255 169 0 0 0 0 0 0 0 0 0 0 0 0 0 0 0 0 0 0 0 0 0 0 0 0 167 169 0 161 163 0 0 0 0 0 0 0 0 0 0 0 164
             165 166 0 0 0 0 0 0 0 0 0 164 255 168 169 0 0 164 165 165 170 163 0 164 165 170 163 0 161 171 255 169 0 0 0 0 0 0 0 0 0 0 0 0 0 0 0 0 0 0 0 0 164 165 165 165 165 166 0 0 0 0 0 0 0 0 0 0 0 0 0 0 0 0 0 0 0 0 0 0 0 0 0 0 0 0 167 169 0 0 0 0 161 162 163 0 161 163 0 164
             168 169 0 0 0 0 0 161 162 163 0 167 169 0 161 163 0 167 254 165 165 170 162 171 165 165 166 0 164 165 166 0 0 0 0 0 0 0 0 0 0 161 162 163 0 0 0 0 0 0 0 0 167 168 254 165 165 170 163 0 0 0 0 0 0 0 0 0 0 0 0 0 0 0 0 0 0 0 0 0 161 163 0 0 0 0 0 0 0 0 0 0 167 168 169 0 167 169 0 167
             0 0 0 0 0 0 0 164 165 170 163 0 0 161 171 166 0 0 164 165 165 255 168 254 165 165 170 163 167 254 170 162 163 0 0 0 0 0 0 0 0 167 254 166 0 0 0 0 0 0 0 0 0 0 164 255 168 168 169 0 0 0 0 0 0 0 0 0 0 0 0 0 0 0 0 0 0 0 0 0 167 169 0 0 0 0 0 0 0 0 0 0 0 0 0 0 0 0 0 0
             0 0 0 0 0 0 0 167 254 256 166 0 0 167 254 166 0 161 171 165 165 166 0 164 255 168 168 169 0 167 168 168 169 0 0 0 0 0 0 0 0 0 167 169 0 161 162 163 0 0 0 0 0 0 164 166 0 0 0 0 0 0 0 0 0 0 0 0 0 0 0 0 0 0 0 0 0 0 0 0 0 0 0 0 0 0 0 0 0 0 161 163 0 0 0 0 0 0 0 0
             0 0 0 0 0 0 0 0 167 254 166 0 0 0 164 170 162 171 165 165 165 170 162 171 166 0 0 0 0 0 0 0 0 0 0 0 0 0 0 0 0 0 0 0 0 167 254 166 0 0 0 0 0 0 164 170 163 0 0 0 0 0 0 0 0 0 0 0 0 0 0 0 0 0 0 0 0 0 0 0 0 0 0 0 0 0 0 0 0 0 164 170 162 163 0 0 0 0 161 162
             0 0 161 162 163 0 0 0 0 164 170 162 163 0 164 165 165 165 257 165 165 165 165 165 170 162 163 0 0 0 0 0 0 0 0 0 0 0 0 0 0 0 0 161 163 0 164 166 0 0 0 0 161 162 171 165 170 162 163 0 0 0 0 0 0 0 0 0 0 0 0 0 0 0 0 0 0 0 0 0 0 0 0 0 0 0 0 0 0 0 164 165 255 169 0 0 0 0 164 165
             0 0 164 165 166 0 0 0 0 164 165 165 170 162 171 165 165 165 165 165 165 165 256 165 165 165 170 162 162 163 0 0 0 0 0 0 0 0 0 0 0 0 0 167 169 0 167 169 0 0 0 0 164 165 165 255 168 254 166 0 0 0 0 0 0 0 0 0 0 0 0 0 0 0 0 0 0 0 0 0 0 0 0 0 0 0 0 0 0 161 171 165 166 0 0 0 0 161 171 165
             162 162 171 255 169 0 0 0 0 167 254 165 165 165 165 165 165 165 165 165 165 165 165 165 256 165 255 168 168 169 0 0 0 0 0 0 0 0 0 0 0 0 0 0 0 0 0 0 0 0 0 0 164 165 255 169 0 167 169 0 0 0 0 0 0 0 0 0 0 0 0 0 0 0 0 0 0 0 0 0 0 0 0 0 0 0 0 0 0 164 255 168 169 0 0 0 0 164 165 165
             165 165 255 169 0 0 0 0 0 0 164 165 165 165 165 165 257 165 165 165 165 165 165 165 165 165 166 0 0 0 0 0 0 0 0 0 0 0 0 0 0 0 0 0 0 0 0 0 0 0 0 0 164 165 166 0 0 0 0 0 0 0 0 0 0 0 0 0 0 0 0 0 0 0 0 0 0 0 0 0 0 0 0 0 0 0 0 0 0 167 169 0 0 0 0 0 0 167 254 165
             165 165 166 0 161 163 0 0 0 0 167 254 165 165 165 165 165 165 165 165 255 168 254 256 165 165 166 0 0 0 0 0 0 0 0 0 0 0 0 0 0 0 0 0 0 0 0 0 0 0 0 0 167 168 169 0 0 0 0 0 0 0 0 0 0 0 0 0 0 0 0 0 0 0 0 0 0 0 0 161 162 162 162 163 0 0 0 0 0 0 0 0 0 0 0 0 0 0 167 254
             165 165 166 0 167 169 0 0 0 0 0 167 254 165 165 165 165 255 168 168 169 0 164 165 165 165 170 163 0 0 0 0 0 0 0 0 0 0 0 0 0 0 0 0 0 0 0 0 0 0 0 0 0 0 0 0 0 0 0 0 0 0 0 0 0 0 0 0 0 0 0 0 0 0 0 0 0 0 0 164 255 168 254 166 0 0 0 0 0 0 0 0 0 0 0 0 0 0 0 167
             168 168 169 0 0 0 0 0 0 0 0 0 164 165 165 255 168 169 0 0 0 0 164 165 165 165 255 169 0 0 0 0 0 0 0 0 0 0 0 0 0 0 0 0 0 0 0 0 0 0 0 0 0 0 0 0 0 0 0 0 0 0 0 0 0 0 0 0 0 0 0 0 0 0 0 0 161 163 0 164 166 0 164 166 0 0 0 0 0 0 0 0 0 0 0 0 0 0 0 0
             0 0 0 0 0 0 0 0 0 0 0 0 167 254 165 166 0 0 0 0 0 0 167 168 254 255 169 0 0 0 0 0 0 0 0 0 0 0 0 0 0 0 0 0 0 0 0 0 0 0 0 0 0 0 0 0 0 0 0 0 0 0 0 0 0 0 0 0 0 0 0 0 0 0 0 0 167 169 0 167 169 0 164 166 0 0 0 0 0 0 0 0 0 0 0 0 0 0 0 0
             0 0 0 0 0 0 0 0 0 0 161 163 0 167 168 169 0 0 0 0 0 0 0 0 167 169 0 0 0 0 0 0 0 0 0 0 0 0 0 0 0 0 0 0 0 0 0 0 0 0 0 0 0 0 0 0 0 0 0 0 161 163 0 0 0 0 0 0 0 0 0 0 161 163 0 0 0 161 162 163 0 161 171 166 0 0 0 0 0 0 0 0 0 0 0 0 0 0 0 0
             0 0 0 0 0 0 0 0 0 161 171 166 0 0 0 0 0 0 0 0 0 0 0 0 0 0 0 0 0 0 0 0 0 0 0 0 0 0 0 0 0 0 0 0 0 0 0 0 0 0 0 0 0 0 0 0 0 0 0 0 167 169 0 0 0 0 0 0 0 0 0 0 164 170 162 162 162 171 255 169 0 167 168 169 0 0 0 0 0 0 0 0 0 0 0 0 0 0 0 0
             0 0 0 0 0 0 0 0 0 167 168 169 0 0 0 0 0 0 161 163 0 0 0 0 0 0 0 0 0 0 0 0 0 161 163 0 0 0 0 0 0 0 0 0 0 0 0 0 0 0 0 0 0 0 0 0 0 0 0 0 0 0 161 163 0 0 0 0 0 0 0 0 164 165 165 165 165 165 166 0 0 0 0 0 0 161 163 0 0 0 0 0 0 0 0 0 0 0 0 0
             0 0 0 0 0 0 0 0 0 0 0 0 0 0 0 0 0 0 167 169 0 0 0 0 0 0 0 161 162 163 0 0 0 164 166 0 0 0 0 0 0 0 0 0 0 0 0 0 0 0 0 0 0 0 0 0 161 162 162 163 0 0 167 169 0 0 0 0 0 0 0 0 164 165 165 165 165 255 169 0 0 0 0 0 0 164 166 0 0 0 0 161 162 163 0 0 0 0 0 0
             0 0 0 0 0 0 0 0 0 0 0 0 0 0 0 0 0 0 0 0 0 0 0 0 0 0 0 164 165 166 0 161 162 171 166 0 0 0 0 0 0 0 0 0 0 0 0 0 0 0 0 0 0 0 0 0 167 168 168 169 0 0 0 0 0 0 0 161 163 0 0 161 171 165 165 165 165 166 0 0 0 0 0 0 0 167 169 0 161 163 0 167 168 169 0 0 0 161 163 0
             0 0 0 0 0 0 0 0 0 0 0 0 0 0 0 0 0 0 0 0 0 0 0 0 0 0 0 164 165 170 162 171 165 255 169 0 0 0 0 0 0 0 0 0 0 0 0 0 0 0 0 0 0 0 0 0 0 0 0 0 0 0 0 0 0 161 162 171 170 162 162 171 165 165 165 255 168 169 0 0 0 0 0 0 0 0 0 0 167 169 0 0 0 0 0 0 0 167 169 0
             0 0 0 0 0 0 0 0 0 0 0 0 0 0 0 0 0 0 0 0 0 0 0 0 0 0 0 167 254 165 165 165 255 169 0 0 0 0 0 0 0 0 0 0 0 0 0 0 0 0 0 0 0 0 0 0 0 0 0 0 161 163 0 0 0 164 165 165 165 165 165 165 165 165 255 169 0 0 0 0 0 0 0 0 0 0 0 0 0 0 0 0 0 0 0 0 0 0 0 0
             0 0 0 0 0 0 0 0 0 0 0 0 0 0 0 0 0 0 0 0 0 0 0 0 0 0 0 0 167 254 165 165 166 0 0 0 0 0 0 0 0 0 0 0 0 0 0 0 0 0 0 0 0 0 0 0 0 161 162 163 167 169 0 161 162 171 165 165 165 165 165 165 165 165 166 0 0 0 0 0 0 0 0 0 0 0 0 0 0 0 0 0 0 0 0 0 0 0 0 0
             0 0 0 0 0 0 0 0 0 0 0 0 0 0 0 0 0 0 0 0 0 0 0 0 0 0 0 0 0 164 165 165 166 0 0 0 0 0 0 0 0 0 0 0 0 0 0 0 0 0 0 0 0 0 0 0 0 164 165 166 0 0 161 171 165 257 165 165 165 165 256 165 255 168 169 0 0 0 0 0 0 0 0 0 0 0 0 0 161 163 0 0 0 0 0 0 0 0 0 0
             0 0 0 0 0 0 0 0 0 0 0 0 0 0 0 0 0 0 0 0 0 0 0 0 0 0 0 0 0 167 168 168 169 0 0 0 0 0 0 0 0 0 0 0 0 0 0 0 0 0 161 163 0 0 161 162 162 171 165 166 0 0 164 165 165 257 165 165 165 165 165 255 169 0 0 0 0 0 0 0 0 0 0 0 0 0 161 162 171 170 162 162 163 0 0 0 0 0 0 0
             0 0 0 0 0 0 0 0 0 0 0 0 0 0 0 0 0 0 0 0 0 0 0 0 0 0 0 0 0 0 0 0 0 0 0 0 0 0 0 0 0 0 0 0 0 0 0 0 0 161 171 166 0 0 164 255 168 254 165 170 162 162 171 165 165 165 165 165 165 255 168 169 0 0 0 0 0 0 0 0 0 0 0 0 0 0 164 165 165 165 165 165 166 0 0 0 0 0 0 161
             0 0 0 0 0 0 0 0 0 0 0 0 0 0 0 0 0 0 0 0 0 0 0 0 0 0 0 0 0 0 0 0 0 0 0 0 0 0 0 0 0 0 0 0 0 0 0 0 0 164 255 169 0 0 167 169 0 167 254 165 165 256 165 165 165 257 165 165 255 169 0 0 0 0 0 0 0 0 0 0 0 0 0 0 0 0 167 168 254 165 165 255 169 0 0 0 161 162 162 171
             0 0 0 0 0 0 0 0 0 0 0 0 0 0 0 0 0 0 0 0 0 0 0 0 0 0 0 0 0 0 0 0 0 0 0 0 0 0 0 0 0 0 0 0 0 0 0 0 0 167 169 0 161 163 0 0 0 0 164 165 165 165 165 165 165 165 165 255 169 0 0 0 0 0 0 0 0 0 0 0 0 0 0 0 0 0 0 0 164 255 168 169 0 0 0 0 164 255 168 168
             0 0 0 0 0 0 0 0 0 0 0 0 0 0 0 0 0 0 0 0 0 0 0 0 0 0 0 0 0 0 0 0 0 0 0 161 163 0 0 0 0 0 0 0 0 0 0 0 0 0 0 0 167 169 0 0 0 161 171 165 165 165 165 257 165 165 256 166 0 0 0 0 0 0 0 0 0 0 0 0 0 0 0 0 0 0 0 0 164 166 0 0 0 0 0 0 167 169 0 0
             0 0 0 0 0 0 0 0 0 0 0 0 0 0 0 0 0 0 0 0 0 0 0 0 0 0 0 0 0 0 0 0 0 0 0 167 169 0 0 0 0 0 0 0 0 0 0 161 162 163 0 0 0 0 0 0 0 167 168 254 165 165 165 165 165 257 165 170 163 0 0 0 0 0 0 0 0 0 0 0 0 0 0 0 0 0 0 0 164 166 0 0 0 161 163 0 0 0 0 161
             0 0 0 0 0 0 0 0 0 0 0 0 0 0 0 0 0 0 0 0 0 0 0 0 0 0 0 0 0 0 0 0 0 0 0 0 0 0 161 163 0 0 0 0 0 0 0 164 165 166 0 0 0 0 0 0 0 0 0 164 165 255 168 254 165 165 255 168 169 0 0 0 0 0 0 0 0 0 0 0 0 0 0 0 0 0 0 0 167 169 0 0 161 171 166 0 0 0 0 164
             0 0 0 0 0 0 0 0 0 0 0 0 0 0 0 0 0 0 0 0 0 0 0 0 0 0 0 0 0 0 0 0 0 0 0 0 0 0 167 169 0 0 0 0 0 0 0 164 257 170 163 0 0 0 0 0 0 0 0 164 257 166 0 164 165 165 166 0 0 0 0 0 0 0 0 0 0 0 0 0 0 161 163 0 0 0 0 0 0 0 0 0 167 168 169 0 0 0 0 167
             0 0 0 0 0 0 0 0 0 0 0 0 0 0 0 0 0 0 0 0 0 0 0 0 0 0 0 0 0 161 162 163 0 0 0 0 0 0 0 0 0 0 0 0 0 0 0 164 165 165 170 163 0 0 0 0 0 0 0 167 254 166 0 167 254 165 170 162 162 163 0 0 161 163 0 0 0 0 0 0 161 171 170 162 163 0 0 0 0 0 0 0 0 0 161 162 162 163 0 0
             0 0 0 0 0 0 0 0 0 0 0 0 0 0 0 0 0 0 0 0 0 0 0 0 0 0 0 0 0 164 165 166 0 0 0 0 0 0 0 0 0 0 0 0 0 161 162 171 165 255 168 169 0 0 0 0 0 0 0 0 167 169 0 0 164 165 165 165 255 169 0 0 164 166 0 0 0 0 0 0 167 168 168 254 170 163 0 0 0 0 0 0 0 0 167 254 255 169 0 0
             162 163 0 0 0 0 0 0 0 0 0 0 0 0 0 0 0 0 0 0 0 0 0 0 0 0 0 0 0 164 165 170 163 0 0 0 0 0 0 0 0 161 162 162 162 171 165 165 165 166 0 0 161 162 163 0 0 0 0 0 0 0 0 0 167 168 168 254 166 0 161 162 171 166 0 0 0 0 0 0 0 0 0 164 165 170 163 0 0 161 163 0 0 0 0 167 169 0 0 0
             165 170 163 0 0 0 0 0 0 0 0 0 0 0 0 0 0 0 0 0 0 0 0 0 0 0 0 0 0 167 254 165 166 0 0 0 0 0 0 0 0 164 257 165 165 165 165 165 165 170 163 0 167 168 169 161 163 0 0 0 0 0 0 0 0 0 0 167 169 161 171 255 168 169 0 161 162 163 0 0 161 163 0 167 254 255 169 0 0 167 169 0 0 161 163 0 0 0 0 0
             165 255 169 0 0 0 0 0 0 0 0 0 0 0 0 0 0 0 0 0 0 0 0 0 0 0 0 0 0 0 167 168 169 0 0 0 0 0 0 0 0 164 165 165 165 165 165 255 168 168 169 0 0 0 0 164 166 0 0 0 0 0 0 0 0 0 0 0 0 164 257 166 0 0 0 164 165 170 163 0 164 166 0 0 164 166 0 0 0 0 0 0 0 167 169 0 0 0 0 0
             168 169 0 0 0 0 0 0 0 0 0 0 0 0 0 0 0 0 0 0 0 0 0 0 0 0 0 0 0 0 0 0 0 0 0 0 0 0 0 0 161 171 165 257 165 165 255 169 0 0 0 0 161 163 0 164 166 0 0 0 0 0 0 0 0 0 0 0 0 164 165 170 162 162 162 171 165 165 170 162 171 170 162 163 167 169 0 161 162 162 162 163 0 0 0 0 0 0 0 0
             0 0 161 163 0 0 0 0 0 0 0 0 0 0 0 0 0 0 0 0 0 0 0 0 0 0 0 0 0 0 0 0 0 0 0 0 0 0 0 0 164 165 165 165 165 257 166 0 0 0 0 0 164 166 0 164 166 0 0 0 0 0 0 0 0 0 0 0 0 167 168 168 254 165 165 165 255 168 168 254 165 165 165 166 0 0 0 167 168 168 168 169 0 0 0 0 0 0 0 0
             0 0 167 169 0 0 0 0 0 0 0 0 0 0 0 0 0 0 0 0 0 0 0 0 0 161 163 0 0 0 0 0 0 0 0 0 0 161 162 162 171 165 165 165 165 257 170 163 0 0 0 161 171 170 162 171 166 0 0 0 0 0 0 0 0 0 0 0 0 0 0 0 164 165 165 165 166 0 0 164 165 165 255 169 0 0 0 0 0 0 0 0 0 0 0 0 0 0 0 0
             0 0 0 0 0 0 0 0 0 0 0 0 0 0 0 0 0 0 0 0 0 0 0 0 161 171 166 0 0 0 0 0 0 0 0 0 0 167 254 165 165 165 165 165 165 165 165 170 163 0 0 164 255 168 254 255 169 0 0 0 0 0 0 0 0 0 0 0 0 0 0 0 164 165 165 255 169 0 0 164 255 168 169 0 0 0 0 0 0 0 0 0 0 0 0 0 0 0 0 0
             162 162 162 163 0 0 0 0 0 0 0 0 0 0 0 0 0 0 0 0 0 0 0 0 167 254 166 0 0 0 0 0 0 0 0 0 0 0 164 165 165 165 165 165 165 165 165 255 169 0 0 167 169 0 167 169 0 0 0 0 0 0 0 0 0 0 0 0 0 0 0 0 167 254 165 166 0 0 0 164 166 0 0 0 0 0 0 0 0 0 0 0 0 0 0 0 0 0 0 161
             165 165 165 166 0 0 0 0 0 0 0 0 0 0 0 0 0 0 0 0 0 0 0 0 0 167 169 161 163 0 0 0 0 0 0 0 0 0 164 165 165 255 168 254 165 165 255 169 0 161 163 0 0 0 0 0 0 0 0 161 163 0 0 0 0 0 0 0 0 0 0 0 0 164 165 166 0 0 0 164 166 0 0 0 161 163 0 0 0 0 0 0 0 0 0 0 0 0 0 164
             165 165 165 166 0 0 0 161 162 162 162 163 0 0 0 0 0 0 0 0 0 0 0 0 0 0 0 167 169 0 0 0 0 0 0 0 0 0 167 168 168 169 0 167 168 168 169 0 0 167 169 0 0 0 0 0 0 0 0 164 166 0 0 0 0 0 0 0 0 0 0 0 0 167 254 166 0 0 0 164 166 0 161 162 171 166 0 0 0 0 0 0 0 0 0 0 0 0 0 164
             165 257 165 166 0 0 0 164 165 165 165 166 0 0 0 0 0 0 0 0 0 0 0 0 0 0 0 0 0 0 0 0 0 0 0 0 0 0 0 0 0 0 0 0 0 0 0 0 0 0 0 0 0 0 0 0 0 0 0 167 169 0 0 0 161 162 163 0 0 0 0 0 0 0 164 170 163 0 0 164 166 0 167 254 165 170 163 0 0 0 0 0 0 0 0 0 0 0 0 164
             165 165 165 170 162 163 0 167 168 254 255 169 0 0 0 0 0 0 0 0 0 0 0 0 0 0 161 162 162 163 0 0 0 0 0 0 0 0 0 0 0 0 0 0 0 0 0 0 0 0 0 0 0 0 0 0 0 0 0 0 161 163 0 0 164 255 169 0 0 0 161 162 162 162 171 165 166 0 0 167 169 0 0 164 165 165 166 0 0 0 0 0 0 0 0 0 0 0 0 164
             165 165 165 165 165 170 163 0 0 167 169 0 0 0 0 0 0 0 0 0 0 0 0 0 0 0 167 168 254 170 162 162 163 0 0 0 0 0 0 0 0 0 0 0 0 0 0 0 0 161 162 163 0 0 0 0 0 0 0 0 167 169 0 0 164 166 0 0 0 161 171 165 165 165 165 255 169 0 0 0 0 0 0 164 165 165 170 163 0 0 0 0 0 0 0 0 0 0 0 167
             165 165 165 165 165 165 166 0 0 0 0 0 0 0 0 0 0 0 0 0 0 0 0 0 0 0 0 0 164 165 165 165 166 0 0 0 0 0 0 161 162 162 163 0 0 0 0 0 0 167 168 169 0 0 0 0 0 0 0 0 0 0 0 161 171 170 163 0 0 167 254 165 165 165 255 169 0 0 0 0 0 0 161 171 165 165 165 166 0 0 0 0 0 0 0 0 0 0 0 0
             165 165 165 165 165 165 170 163 0 0 0 161 162 162 163 0 0 0 0 0 0 0 0 0 0 0 0 0 164 165 165 255 169 0 0 0 0 0 0 167 168 168 169 0 0 161 162 163 0 0 0 0 0 0 0 0 0 0 0 0 0 0 0 164 165 165 166 0 0 0 167 168 168 168 169 0 0 0 0 0 0 0 167 254 257 165 165 166 0 0 0 0 0 0 0 0 0 0 0 0
             165 165 165 165 165 165 165 170 163 0 0 167 254 165 166 0 0 0 0 0 0 0 0 0 0 0 0 0 167 254 255 169 0 0 0 0 0 0 0 0 0 0 0 0 0 167 254 166 0 0 0 0 0 0 0 0 0 0 0 0 0 0 0 164 165 165 170 162 163 0 0 0 0 0 0 0 0 0 0 0 0 0 0 167 254 165 165 170 162 162 163 0 0 0 0 0 0 0 0 0
             165 165 165 165 165 165 255 168 169 0 0 0 167 168 169 0 0 0 0 0 0 0 0 0 0 0 0 0 0 164 166 0 0 0 0 0 0 0 0 0 0 0 0 0 0 0 167 169 161 163 0 0 0 0 0 0 161 162 163 0 0 161 163 167 168 254 165 165 170 163 0 0 0 0 0 0 0 0 0 0 0 0 0 0 167 168 254 256 165 255 169 0 161 163 0 161 162 163 0 0
             165 165 165 165 165 165 166 0 0 0 0 0 0 0 0 0 0 0 0 0 0 0 0 0 0 0 0 0 0 164 170 163 0 0 0 0 0 0 0 0 0 0 0 0 0 0 0 0 164 166 0 0 0 0 0 0 167 168 169 0 0 167 169 0 0 164 165 165 255 169 0 0 0 0 0 0 0 0 0 0 0 0 0 0 0 0 164 165 165 166 0 0 167 169 0 164 255 169 0 0
             165 165 165 165 165 165 170 163 0 0 0 0 0 0 0 0 0 0 0 0 0 0 0 0 0 0 0 0 0 167 168 169 0 0 0 0 0 0 0 0 0 0 0 0 0 161 163 0 167 169 0 0 0 0 0 0 0 0 0 0 0 0 0 0 0 167 254 255 169 0 0 0 0 0 0 0 0 0 0 0 0 0 0 0 0 0 167 168 168 169 0 0 0 0 0 164 166 0 0 0
             165 165 255 168 254 165 255 169 0 161 162 162 163 0 0 0 0 0 0 0 0 0 0 0 0 0 0 0 0 0 0 0 0 0 0 0 0 0 0 0 0 0 0 0 0 167 169 0 0 0 0 0 161 163 0 0 0 0 0 0 0 0 0 0 0 0 167 169 0 0 0 0 0 0 0 0 0 0 0 0 0 0 0 0 0 161 163 0 0 0 0 0 0 161 162 171 170 163 0 0
             165 255 169 0 167 168 169 0 161 171 165 165 166 0 0 0 0 0 0 0 0 0 0 0 0 0 0 0 0 0 0 0 0 0 0 0 0 0 0 0 0 0 161 163 0 0 0 0 0 0 0 0 167 169 0 0 0 0 0 0 0 0 0 0 0 0 0 0 0 0 0 0 0 0 0 161 163 0 0 0 0 0 0 0 0 167 169 0 0 0 0 0 161 171 165 165 165 170 162 162
             165 166 0 0 0 0 0 161 171 165 165 165 166 0 0 0 0 0 0 0 0 0 0 0 0 0 0 0 0 0 0 0 0 0 0 0 0 0 0 0 0 0 164 166 0 0 0 0 0 0 0 0 0 0 0 0 0 0 0 0 0 0 0 0 0 0 0 0 0 0 0 0 0 0 0 167 169 0 0 0 0 0 0 0 0 0 0 0 0 0 0 0 167 254 165 165 165 165 165 165
             257 170 162 163 0 0 0 164 257 165 255 168 169 0 0 0 0 0 0 0 0 0 0 0 161 163 0 0 0 0 0 0 0 0 0 0 0 0 0 0 161 162 171 166 0 0 0 0 0 0 0 0 0 0 0 0 0 0 0 0 0 0 0 0 0 0 0 0 0 0 0 0 0 0 0 0 161 162 163 0 0 0 0 0 0 0 0 0 0 0 0 0 0 164 165 165 165 165 255 168
             165 165 165 170 162 162 163 167 168 254 166 0 0 0 0 0 161 163 0 0 161 162 162 162 171 166 0 0 0 0 0 0 0 0 0 0 161 163 0 0 164 165 255 169 0 0 0 0 0 0 0 0 0 0 0 0 0 0 0 0 0 0 0 0 0 0 0 0 0 0 0 0 0 161 163 0 167 168 169 0 0 0 0 0 0 0 0 0 0 0 0 161 162 171 165 255 168 168 169 0
             257 165 165 165 165 165 166 0 0 167 169 0 0 161 163 0 167 169 0 0 164 165 165 165 165 166 0 0 0 0 0 0 0 0 0 0 167 169 0 0 167 168 169 0 0 0 0 0 0 0 0 0 0 0 0 0 0 0 0 0 0 0 0 0 0 0 0 0 0 0 161 162 162 171 170 163 0 0 0 0 0 0 0 0 0 0 0 0 0 0 0 167 254 257 255 169 0 0 0 0
             165 165 165 165 165 257 166 0 0 0 0 0 0 167 169 0 0 0 0 0 164 165 165 165 165 166 0 0 0 0 0 0 0 0 0 0 0 0 0 0 0 0 0 0 0 0 0 0 0 0 0 0 0 0 0 0 0 0 0 0 0 0 0 0 0 161 162 163 0 161 171 255 168 254 165 166 0 0 0 0 0 0 0 0 0 0 0 0 0 0 0 0 167 168 169 0 0 0 0 0
             165 165 165 165 165 255 169 161 163 0 0 0 0 0 0 161 163 0 0 0 164 165 165 165 255 169 161 163 0 0 0 0 0 0 0 0 0 161 163 0 0 0 0 0 0 0 0 0 0 0 0 0 0 0 0 0 0 0 0 0 0 0 0 0 0 167 168 169 0 167 254 166 0 164 165 166 0 0 0 0 0 0 0 0 0 0 0 0 0 0 0 0 0 0 0 0 0 0 0 0
             168 254 165 165 255 169 0 164 166 0 0 0 0 0 161 171 166 0 0 0 167 168 168 168 169 0 167 169 0 0 0 0 0 0 0 0 0 167 169 0 0 0 0 0 0 0 0 0 0 0 0 0 0 0 0 0 0 0 0 0 0 0 0 0 0 0 0 0 0 0 167 169 0 167 254 166 0 0 0 0 0 0 0 0 0 0 0 0 0 0 0 0 0 0 0 0 0 0 0 0
             0 167 168 168 169 0 0 167 169 0 0 0 0 0 164 165 170 163 0 0 0 0 0 0 0 0 0 0 161 163 0 0 0 0 0 0 0 0 0 0 0 0 0 0 0 0 0 0 0 0 0 0 0 0 0 0 0 0 0 0 0 0 0 0 0 0 0 0 0 0 0 0 0 0 167 169 0 0 0 0 0 0 0 0 0 0 0 0 0 0 0 0 0 0 0 0 0 0 0 0
             0 0 0 0 0 161 163 0 0 0 0 0 0 161 171 165 165 170 162 163 0 0 0 0 0 0 0 0 167 169 0 0 0 0 0 0 0 0 0 0 0 0 0 0 0 0 0 0 0 0 0 0 0 0 0 0 0 0 0 0 0 0 0 0 0 0 0 0 0 0 0 0 0 0 0 0 0 0 0 0 0 0 0 0 161 163 0 0 0 0 0 0 0 0 0 0 0 161 163 0
             162 163 0 0 0 164 170 163 0 0 0 0 0 164 165 165 165 165 165 166 0 0 0 0 0 0 0 0 0 0 0 0 0 0 0 0 0 0 0 0 0 0 0 0 0 0 0 0 0 0 0 0 0 0 0 0 0 0 0 0 0 0 0 0 0 0 0 0 0 0 0 0 0 0 0 0 0 0 0 0 0 0 0 0 167 169 0 0 0 0 0 0 0 0 0 0 0 164 170 162
             168 169 0 0 0 167 168 169 0 0 0 0 161 171 165 165 165 257 165 170 163 0 0 0 0 0 0 0 0 0 0 0 0 0 0 0 0 0 0 0 0 0 0 0 0 0 0 0 0 0 0 0 0 0 0 0 0 0 0 0 0 0 0 0 0 161 163 0 0 0 0 0 0 0 0 0 0 0 0 0 0 0 0 0 0 0 0 0 0 0 0 0 0 0 0 0 0 167 254 165
             0 0 0 0 0 0 0 0 0 0 0 0 164 165 165 165 165 165 257 165 170 163 0 0 0 0 0 0 0 0 0 0 0 0 0 0 0 0 0 0 0 0 0 0 0 0 0 0 0 0 0 0 0 0 0 0 0 0 0 0 0 161 163 0 0 167 169 0 0 0 0 0 0 0 0 0 0 161 162 163 0 0 0 0 0 0 0 0 0 0 0 0 0 0 0 0 0 0 164 165
             0 0 0 0 0 0 161 163 0 0 161 163 167 168 254 165 165 165 165 165 165 166 0 0 0 0 0 0 0 0 0 0 0 0 0 0 0 0 0 0 0 0 0 0 0 0 0 0 0 0 0 0 0 0 0 0 0 0 0 0 0 167 169 0 0 0 0 0 0 0 0 0 0 0 0 0 0 167 168 169 0 0 0 0 0 0 0 0 0 0 0 0 0 0 0 0 0 0 167 168
             0 0 0 0 0 0 167 169 0 0 167 169 0 0 164 165 165 165 165 165 165 170 162 162 163 0 0 0 0 0 0 0 0 0 0 0 0 0 0 0 0 0 0 0 0 0 0 0 0 0 0 0 0 0 0 0 0 0 0 0 0 0 0 0 0 0 0 0 0 0 0 0 0 0 0 0 0 0 0 0 0 0 0 0 0 0 0 0 0 0 0 0 0 0 0 0 0 0 0 0
             0 0 0 0 0 0 0 0 0 0 0 0 0 0 167 168 254 255 168 254 165 165 165 165 166 0 0 0 0 0 0 0 0 0 0 0 0 0 0 0 0 0 0 0 0 0 0 0 0 0 0 161 163 0 0 0 0 0 0 0 0 0 0 0 0 0 0 0 0 0 0 0 0 0 0 0 0 0 0 0 0 0 0 0 0 0 0 0 0 0 0 0 0 0 0 0 0 0 0 0
             0 0 0 0 0 0 0 0 0 0 0 0 0 0 0 0 167 169 0 164 165 165 165 255 169 0 0 0 0 0 0 0 0 0 0 0 0 0 0 0 0 0 0 0 0 0 0 0 0 0 0 164 170 162 162 163 0 0 0 0 0 0 0 0 0 0 0 0 0 0 0 0 0 0 0 0 0 0 0 0 0 0 0 0 0 0 0 0 0 0 0 0 0 0 0 0 0 0 0 0
             0 0 0 0 0 0 0 0 0 0 0 0 0 0 0 0 0 0 0 167 168 254 165 166 0 0 0 161 163 0 0 0 0 0 0 0 0 0 0 0 0 0 0 0 0 0 0 0 0 0 0 164 165 165 165 166 0 0 0 0 0 0 0 161 162 163 0 0 0 0 0 0 0 0 0 0 0 161 163 0 0 0 0 0 0 0 0 0 0 0 0 0 0 0 0 0 0 0 0 0
             0 0 0 0 0 0 0 0 0 0 0 0 161 163 0 0 0 0 0 0 0 167 254 166 0 0 0 164 166 0 0 0 0 0 0 0 0 0 161 163 0 0 0 0 0 0 0 0 0 0 0 167 168 168 254 170 163 0 0 0 0 0 0 164 165 170 162 162 162 163 0 0 0 0 0 0 0 167 169 0 0 0 0 0 0 0 0 0 0 0 0 0 0 0 0 0 0 0 0 0
             0 0 0 0 0 0 0 0 0 0 0 0 167 169 0 0 0 0 0 0 0 0 167 169 0 161 162 171 170 162 163 0 0 0 0 0 0 0 167 169 0 0 0 0 0 0 0 0 0 0 0 0 0 0 167 254 170 163 0 0 0 0 0 164 257 255 168 168 168 169 0 0 0 0 0 0 0 0 0 0 0 0 0 0 0 0 0 0 0 0 0 0 0 0 0 0 0 0 0 0
             0 0 0 0 0 0 0 0 161 163 0 0 0 0 0 0 0 0 0 0 0 0 0 0 161 171 165 165 165 165 166 0 161 163 0 0 0 0 0 0 0 0 0 0 0 0 0 0 0 0 0 0 0 0 0 164 165 170 162 163 0 0 0 164 255 169 0 0 0 0 0 0 0 0 0 0 0 0 0 0 0 0 0 0 0 0 0 0 0 0 0 0 0 0 0 0 0 0 0 0
             0 0 0 0 0 0 0 0 164 170 163 0 0 0 0 0 0 0 0 0 0 0 0 0 167 254 165 165 165 165 166 0 167 169 0 0 0 0 0 0 0 0 0 0 0 0 0 0 0 0 0 0 0 0 0 164 165 257 165 170 163 0 0 167 169 0 0 0 0 0 0 0 0 0 0 0 0 0 0 0 0 0 0 0 0 0 0 0 0 0 0 0 0 0 0 0 0 0 0 0
             0 0 0 0 0 0 0 0 167 168 169 0 0 0 0 0 0 0 0 0 0 0 0 0 0 164 165 165 165 165 166 0 0 0 0 0 0 0 0 0 0 0 0 0 0 0 0 0 0 0 0 0 0 0 0 167 168 168 168 254 166 0 0 0 0 0 0 0 0 0 0 0 0 0 0 0 0 0 0 0 0 0 0 0 0 0 0 0 0 0 0 0 0 0 0 0 0 0 0 0
             0 0 0 0 0 0 0 0 0 0 0 0 0 0 0 0 0 0 0 0 0 0 0 0 0 167 168 168 254 255 169 0 0 0 0 0 0 0 0 0 0 0 0 0 0 0 0 0 0 0 0 0 0 0 0 0 0 0 0 167 169 0 0 0 0 0 0 0 0 0 0 0 0 0 0 0 0 0 0 0 0 0 0 0 0 0 0 0 0 0 0 0 0 0 0 0 0 0 0 0
             0 0 0 0 0 0 0 0 0 0 0 0 0 0 0 0 0 0 0 0 0 0 161 162 163 0 0 0 167 169 0 0 0 0 0 0 0 0 0 0 0 0 0 0 0 0 0 0 0 0 0 0 0 0 0 0 0 0 161 163 0 0 0 0 0 0 0 0 0 0 0 0 0 0 0 0 0 0 0 0 0 0 0 0 0 0 0 0 0 0 0 0 0 0 0 0 0 0 0 0
             0 0 0 0 0 0 0 0 0 0 0 0 0 0 0 0 161 163 0 0 0 0 167 168 169 0 0 0 0 0 0 0 0 0 0 0 0 0 0 0 0 0 0 0 0 0 0 0 0 0 0 0 0 0 0 0 0 0 167 169 0 0 0 0 0 0 0 0 0 0 0 0 0 0 0 0 0 0 0 0 0 0 0 0 0 0 0 0 0 0 0 0 0 0 0 0 0 0 0 0
             0 0 0 0 0 0 0 0 0 0 0 0 0 0 0 0 167 169 0 0 0 0 0 0 0 0 0 0 0 0 0 0 0 0 0 0 0 0 0 0 0 0 0 0 0 0 0 0 0 0 0 0 0 0 0 0 0 0 0 0 0 0 0 0 0 0 0 0 0 0 0 0 0 0 0 0 0 0 0 0 0 0 0 0 0 0 0 0 0 0 0 0 0 0 0 0 0 0 0 0
             0 0 0 0 0 0 0 0 0 0 0 0 0 0 0 0 0 0 0 0 0 0 0 0 0 0 0 0 0 0 0 0 0 0 0 0 0 0 0 0 0 0 0 0 0 0 0 0 0 0 0 0 0 0 0 0 0 0 0 0 0 0 0 0 0 0 0 0 0 0 0 0 0 0 0 0 0 0 0 0 0 0 0 0 0 0 0 0 0 0 0 0 0 0 0 0 0 0 0 0
             0 0 0 0 0 0 0 0 0 0 0 0 0 0 0 0 0 0 0 0 0 0 0 0 0 0 0 0 0 0 0 0 0 0 0 0 0 0 0 0 0 0 0 0 0 0 0 0 0 0 0 0 0 0 0 0 0 0 0 0 0 0 0 0 0 0 0 0 0 0 0 0 0 0 0 0 0 0 0 0 0 0 0 0 0 0 0 0 0 0 0 0 0 0 0 0 0 0 0 0
             0 0 0 0 0 0 0 0 0 0 0 0 0 0 0 0 0 0 0 0 0 0 0 0 0 0 0 0 0 0 0 0 0 0 0 0 0 0 0 0 0 0 0 0 0 0 0 0 0 0 0 0 0 0 0 0 0 0 0 0 0 0 0 0 0 0 0 0 0 0 0 0 0 0 0 0 0 0 0 0 0 0 0 0 0 0 0 0 0 0 0 0 0 0 0 0 0 0 0 0
             0 0 0 0 0 0 0 0 0 0 0 0 0 0 0 0 0 0 0 0 0 0 0 0 0 0 0 0 0 0 0 0 0 0 0 0 0 0 0 0 0 0 0 0 0 0 0 0 0 0 0 0 0 0 0 0 0 0 0 0 0 0 0 0 0 0 0 0 0 0 0 0 0 0 0 0 0 0 0 0 0 0 0 0 0 0 0 0 0 0 0 0 0 0 0 0 0 0 0 0
             0 0 0 0 0 0 0 0 0 0 0 0 0 0 0 0 0 0 0 0 0 0 0 0 0 0 0 0 0 0 0 0 0 0 0 0 0 0 0 0 0 0 0 0 0 0 0 0 0 0 0 0 0 0 0 0 0 0 0 0 0 0 0 0 0 0 0 0 0 0 0 0 0 0 0 0 0 0 0 0 0 0 0 0 0 0 0 0 0 0 0 0 0 0 0 0 0 0 0 0
             0 0 0 0 0 0 0 0 0 0 0 0 0 0 0 0 0 0 0 0 0 0 0 0 0 0 0 0 0 0 0 0 0 0 0 0 0 0 0 0 0 0 0 0 0 0 0 0 0 0 0 0 0 0 0 0 0 0 0 0 0 0 0 0 0 0 0 0 0 0 0 0 0 161 162 162 163 0 0 0 0 0 0 0 0 0 0 0 0 0 0 0 0 0 0 0 0 0 0 0
            ))
